4
5
11
6
12
11
7
17
14
8
12
4
9
5
5
12
10
15
10
12
11
11
16
12
10
5
12
12
14
11
9
6
15
14
12
11
7
14
10
6
11
15
12
7
11
11
14
12
11
11
9
12
11
10
11
14
9
12
15
7
17
15
13
6
11
9
8
7
11
4
10
12
8
14
11
7
13
14
9
11
13
7
12
12
10
9
5
12
6
14
9
11
10
9
9
7
10
11
7
15
12
12
15
12
7
10
8
11
8
12
11
8
10
10
9
9
14
8
9
10
5
12
11
15
11
8
13
10
14
12
8
14
11
14
15
15
11
12
8
16
10
12
7
12
13
11
11
14
10
5
17
10
14
7
10
10
11
11
12
7
11
10
11
11
8
10
13
6
13
14
8
9
6
4
9
11
8
13
6
11
7
12
10
11
12
6
8
5
12
7
12
14
12
8
12
5
5
12
9
8

