9|1Czech
17|101
18|79
19|20
20|389
21|123+293
22|24
23|97
24|14
25|509
26|2
27|221
28|5W
29|15
30|17
31|198
32|257
33|328
34|333
35|38+62
36|387
37|3
38|46
39|25
40|1LAH
41|327
42|340
43|68
44|75
45|88
46|34
47|GD
48|4+9
49|82
50|11
51|167
52|19
53|255
54|332
55|57
56|7
57|10
58|183+208
59|111
60|16
61|17
62|23
63|294+335
64|2DR
65|302
66|304+306
67|336
68|3
69|3T
70|112+251
71|8
72|13
73|106
74|161
75|168
76|282
77|320
78|39
79|6
80|8
81|125
84|444
85|228+
86|239+
87|239+
88|243+
91|503
92|911+
93|218
94|Manstein
95|213
96|GD
97|2
98|454
99|1H
106|4R
107|24R
108|1Slov
109|South1-RH
110|South2-RH
111|19Tank
112|20Tank
113|3GdsTankHQ
114|6GdsTank
115|7GdsTank
116|7Mech
117|108+109Gds
118|6+70Gds
119|9Mech
120|136+254
121|294+295
122|3
123|5A+7A
124|8A+80
125|11
126|373+417
127|301+328
128|216+257
129|5
130|1
131|2
132|5
136|140
137|173+
138|266+279
139|27
140|68+69
141|6
144|K-3
145|Zhukov
146|118+127
147|126+221
148|130+151
149|24+33
150|248+416
151|2
152|315+271
153|32
154|347+387
155|3
156|40+96
157|4+34
158|43S
159|49+87
160|4
161|4
162|50+54
163|5Shock
164|78+116
165|86+3
166|91+87
167|99+346
168|KV-3
169|107+183
170|111+213
171|15+28
172|16
173|1
174|201
175|214+233
176|252+299
177|305+375
178|36+72
179|73+89
180|80+81
181|84+116
182|SU-3
183|11
184|14+35
185|152+263
186|172+333
187|195+259
188|1
189|20+38
190|23
191|24+203
192|243+279
193|244+350
194|267+288
195|41+47
196|44+57
197|50+78
198|58+59
199|5
200|60+61
201|78+79
202|7+9+11
203|I
204|KV-B
205|T34-3
206|100+161
207|10
208|13+9A
209|13
210|147+155
211|163+166
212|167+232
213|17
214|180+240
215|18
216|1Tk
217|206+237
218|218+337
219|23+29
220|241+340
221|29
222|2
223|30+38
224|31
225|3M
226|3
227|3
228|42+71
229|4
230|51+52
231|5
232|5
233|5Tk
234|65
235|66+67
236|6
237|71+375
238|75
239|86
240|90+47
241|95+97
242|96
243|K-1
244|K-2
245|KV-A
246|SU-1
247|SU-2
248|T34-1
251|Turk
